0.0049762
0.0048922
0.0048096
0.0047284
0.0046486
0.0045701
0.0044929
0.0044171
0.0043425
0.0042692
0.0041971
0.0041262
0.0040566
0.0039881
0.0039207
0.0038546
0.0037895
0.0037255
0.0036626
0.0036008
0.00354
0.0034802
0.0034214
0.0033637
0.0033069
0.003251
0.0031962
0.0031422
0.0030891
0.003037
0.0029857
0.0029353
0.0028857
0.002837
0.0027891
0.002742
0.0026957
0.0026502
0.0026055
0.0025615
0.0025182
0.0024757
0.0024339
0.0023928
0.0023524
0.0023127
0.0022737
0.0022353
0.0021975
0.0021604
0.0021239
0.0020881
0.0020528
0.0020182
0.0019841
0.0019506
0.0019177
0.0018853
0.0018535
0.0018222
